12,8,32,73,68,1763,4022,8264,6759,6132
8,32,73,27,69,4022,8264,6759,8738,879
8,32,73,27,73,4022,8264,6759,8738,5692
8,32,73,27,77,4022,8264,6759,8738,5507
73,27,69,78,76,6759,8738,879,10129,4973
73,27,69,78,80,6759,8738,879,10129,4019
73,27,69,78,84,6759,8738,879,10129,28929
73,27,69,78,88,6759,8738,879,10129,13971
73,27,69,78,92,6759,8738,879,10129,16745
73,27,69,78,106,6759,8738,879,10129,10499
73,27,69,78,110,6759,8738,879,10129,8400
73,27,69,78,115,6759,8738,879,10129,28336
73,27,69,78,124,6759,8738,879,10129,26780
73,27,69,78,129,6759,8738,879,10129,29896
73,27,69,78,133,6759,8738,879,10129,37881
73,36,77,68,102,5692,14716,5507,6132,183
80,102,76,110,91,4019,183,4973,8400,3061
80,102,76,110,104,4019,183,4973,8400,220
80,102,76,110,109,4019,183,4973,8400,5970
88,109,23,59,55,13971,5970,28753,27430,11995
23,59,92,51,46,28753,27430,16745,28613,10990
23,59,92,51,51,28753,27430,16745,28613,10924
115,51,129,133,11,28336,10924,29896,37881,6979
