0,1,0.000,5231,0,16384,268435456,3.637,1,0
0,0,0.000,8629,0,16384,268435456,0.267,1,0
0,2,0.000,8561,0,16384,268435456,7.123,1,0
1,1,93.740,91,0,16384,1098551296,93.868,1,0
1,0,93.740,97,0,16384,1098551296,93.904,1,0
1,2,93.740,101,0,16384,1098551296,93.882,1,0
2,2,195.284,148,0,16384,1560494080,195.466,1,0
2,1,195.284,1578,0,16384,1560494080,195.487,1,0
2,0,195.284,1652,0,16384,1560494080,195.487,1,0
3,0,299.994,803,1,20480,2057531392,300.062,1,0
3,2,299.994,840,1,20480,2057531392,300.209,1,0
3,1,299.994,5990,1,20480,2057531392,300.237,1,0
4,1,415.839,8562,0,20480,350416896,415.916,1,0
4,0,415.839,8410,0,20480,350416896,416.122,1,0
4,2,415.839,8604,0,20480,350416896,416.050,1,0
5,0,509.173,65,0,20480,846540800,509.241,1,0
5,2,509.173,85,0,20480,846540800,509.296,1,0
5,1,509.173,102,0,20480,846540800,509.353,1,0
6,0,606.516,67,0,16384,1859301376,606.580,1,0
6,1,606.516,91,0,16384,1859301376,606.643,1,0
6,2,606.516,70,0,16384,1859301376,606.759,1,0
7,1,702.308,74,0,16384,585900032,702.434,1,0
7,2,702.308,71,0,16384,585900032,702.485,1,0
7,0,702.308,75,0,16384,585900032,702.666,1,0
8,2,787.813,81,0,16384,733483008,787.898,1,0
8,0,787.813,75,0,16384,733483008,787.951,1,0
8,1,787.813,89,0,16384,733483008,787.973,1,0
9,2,876.530,137,1,20480,1500934144,876.702,1,0
9,1,876.530,5569,1,20480,1500934144,876.598,1,0
9,0,876.530,5605,1,20480,1500934144,876.659,1,0
